9

4 3
012
340
000

200
140
030

043
210
000

300
410
020


4 3
100
200
340

004
123
000

430
020
010

321
400
000


4 2
12
34

24
13

43
21

31
42


4 3

123
040
000

300
240
100

040
321
000

001
042
003


4 3

120
034
000

040
230
100

430
021
000

010
320
400


4 3

210
300
400

100
234
000

040
030
120

432
001
000

4 4

0000
1234
0000
0000

0040
0030
0020
0010

0000
4321
0000
0000

0010
0020
0030
0040


4 3

010
234
050

040
135
020

050
432
010

020
531
040


4 3

120
030
045

005
234
100

540
030
021

001
432
500

